,epsilon,gamma,alpha,sdf,mean,sd
0,0.1,1.0,0.1,1e-06,119.43113,37.85200677537586
1,0.1,1.0,0.1,1e-05,130.12178,46.040137593534624
2,0.1,1.0,0.1,0.1,136.50781,36.7639997688486
3,0.1,1.0,0.01,1e-06,144.41322,57.99779693429398
4,0.1,1.0,0.01,1e-05,116.12286,43.58761665221442
5,0.1,1.0,0.01,0.1,81.60332,29.962419211031676
6,0.1,1.0,0.0001,1e-06,154.36713,51.95750461254948
7,0.1,1.0,0.0001,1e-05,64.86535,45.79859866172217
8,0.1,1.0,0.0001,0.1,128.75786,43.53720257688131
9,0.1,0.9,0.1,1e-06,146.85901,60.769894123816776
10,0.1,0.9,0.1,1e-05,135.87639,56.41870816110468
11,0.1,0.9,0.1,0.1,137.15111,57.57921687352044
12,0.1,0.9,0.01,1e-06,110.11514,47.236689583208516
13,0.1,0.9,0.01,1e-05,169.7202,67.02307701053422
14,0.1,0.9,0.01,0.1,153.83832,64.37866214498092
15,0.1,0.9,0.0001,1e-06,70.44691,54.677864455846304
16,0.1,0.9,0.0001,1e-05,111.81285,39.59820885946106
17,0.1,0.9,0.0001,0.1,101.9024,44.322317563954165
18,0.01,1.0,0.1,1e-06,160.51547,29.471506929220638
19,0.01,1.0,0.1,1e-05,202.11346,83.53750215818283
20,0.01,1.0,0.1,0.1,155.09508,53.91132719376885
21,0.01,1.0,0.01,1e-06,215.4676,25.538679884441954
22,0.01,1.0,0.01,1e-05,215.46027,56.457403248175524
23,0.01,1.0,0.01,0.1,127.68559,22.83939264411162
24,0.01,1.0,0.0001,1e-06,129.6096,17.46827317853714
25,0.01,1.0,0.0001,1e-05,48.83999,17.322016245226767
26,0.01,1.0,0.0001,0.1,151.10005,16.27437556398094
27,0.01,0.9,0.1,1e-06,136.84706,57.73793596376995
28,0.01,0.9,0.1,1e-05,148.23613,60.585134089338275
29,0.01,0.9,0.1,0.1,141.60321,58.03118358000206
30,0.01,0.9,0.01,1e-06,155.16598,82.15886349408443
31,0.01,0.9,0.01,1e-05,111.36548,70.40728459733126
32,0.01,0.9,0.01,0.1,149.52998,45.84511207533034
33,0.01,0.9,0.0001,1e-06,60.28865,15.19785679553206
34,0.01,0.9,0.0001,1e-05,48.68541,16.745784040524946
35,0.01,0.9,0.0001,0.1,48.98898,17.367477610741293
36,0.0001,1.0,0.1,1e-06,65.02341,17.164997581470846
37,0.0001,1.0,0.1,1e-05,130.6911,30.15470677672061
38,0.0001,1.0,0.1,0.1,68.94039,16.31499484057228
39,0.0001,1.0,0.01,1e-06,105.94976,31.338809421265513
40,0.0001,1.0,0.01,1e-05,129.78791,19.98036655899736
41,0.0001,1.0,0.01,0.1,115.18001,36.107629476329514
42,0.0001,1.0,0.0001,1e-06,58.72257,14.182711397863953
43,0.0001,1.0,0.0001,1e-05,53.98607,1.0094136689682778
44,0.0001,1.0,0.0001,0.1,99.23309,17.564885967517696
45,0.0001,0.9,0.1,1e-06,105.68673,27.23332355602415
46,0.0001,0.9,0.1,1e-05,97.46413,23.390245687959325
47,0.0001,0.9,0.1,0.1,86.29483,22.573179777583398
48,0.0001,0.9,0.01,1e-06,53.26299,2.105836237673765
49,0.0001,0.9,0.01,1e-05,72.55255,40.97310018167407
50,0.0001,0.9,0.01,0.1,93.42439,52.6240677174228
51,0.0001,0.9,0.0001,1e-06,122.06702,22.268455005222073
52,0.0001,0.9,0.0001,1e-05,47.46274,19.085238580966177
53,0.0001,0.9,0.0001,0.1,145.08967,71.15254815739982
