6613873153573222863167727275744653634646496135946535653
7596114156295875963758177755659447514221794311864576992
1275179513944566137471964245739263711339863178491315596
5649687552448277169613924984325126285961188228756376985
7751842477926211281122168635441458354684276365469839375
4615974967642898868836226662329156494715911519217582864
3372246728791714221152371556961273668482948841826774887
1172163848193751553954324866556479639823581684752514569
9346553477435964347597386723998745983431494787142842716
2325681283988127882343717441868981627618126227757383889
4899999182272545391249277985448541689858426895344828596
7449675279681773697445344326727491277916821673618294936
3322825513655794515183895177885195835314389326933689586
5554817317928791458626582158696597644663998663124773549
8913988783824512539469325338934761663726682793196445156
