,epsilon,gamma,alpha,mean,sd
0,0.1,1.0,0.1,62.737,19.875709572239177
1,0.1,1.0,0.5,87.364,29.39965142650504
2,0.1,1.0,0.9,112.301,45.92555278926973
3,0.1,0.9,0.1,114.906,33.5360874879584
4,0.1,0.9,0.5,107.443,42.25187275139411
5,0.1,0.9,0.9,107.635,43.778668035928185
6,0.1,0.5,0.1,60.107,24.353060403160832
7,0.1,0.5,0.5,105.92,46.39572825163972
8,0.1,0.5,0.9,102.261,47.86820321466014
9,0.1,0.25,0.1,83.297,27.75216732076974
10,0.1,0.25,0.5,111.516,45.5954136290044
11,0.1,0.25,0.9,105.116,45.32097245205579
12,0.075,1.0,0.1,84.779,31.811604156345215
13,0.075,1.0,0.5,118.144,40.06106918193772
14,0.075,1.0,0.9,106.72,41.37556766982177
15,0.075,0.9,0.1,97.311,26.599178163995965
16,0.075,0.9,0.5,97.254,44.85565163945342
17,0.075,0.9,0.9,106.304,47.395164141502875
18,0.075,0.5,0.1,67.475,37.539117930500176
19,0.075,0.5,0.5,112.615,43.973296158009354
20,0.075,0.5,0.9,111.441,49.426192641149285
21,0.075,0.25,0.1,54.828,27.65516978794381
22,0.075,0.25,0.5,122.38,48.3664305071193
23,0.075,0.25,0.9,105.12,43.7801735949048
24,0.05,1.0,0.1,103.219,35.853828791357834
25,0.05,1.0,0.5,97.01,42.657237369525
26,0.05,1.0,0.9,106.85,48.58357232645619
27,0.05,0.9,0.1,66.404,24.12179064663318
28,0.05,0.9,0.5,118.518,50.542770759031406
29,0.05,0.9,0.9,104.777,41.402358278243035
30,0.05,0.5,0.1,105.627,35.3026326355415
31,0.05,0.5,0.5,81.852,37.795715312717654
32,0.05,0.5,0.9,102.288,42.41503337261448
33,0.05,0.25,0.1,113.068,29.292650545828046
34,0.05,0.25,0.5,98.591,41.07782514934305
35,0.05,0.25,0.9,108.2,36.98315832916383
